   2121.75   1
     30.51   2
     29.20   3
     28.39   4
     31.37   5
     28.17   6
     25.23   7
     58.73   8
     26.31   9
     25.78  10
     23.31  11
     26.12  12
     25.19  13
     57.64  14
     24.43  15
     24.91  16
     23.03  17
     24.03  18
     23.98  19
     39.08  20
     25.48  21
     24.37  22
     24.98  23
     25.76  24
     23.20  25
     44.98  26
     25.37  27
     22.34  28
     23.68  29
     24.51  30
     24.43  31
     58.01  32
     22.74  33
     22.95  34
     23.94  35
     25.62  36
     25.35  37
     46.72  38
     24.81  39
     24.99  40
     21.35  41
     23.96  42
     23.93  43
     39.99  44
     24.14  45
     22.98  46
     23.65  47
     24.32  48
     24.89  49
