   2208.22   1
     48.47   2
     44.21   3
     43.49   4
     43.93   5
     39.67   6
     38.78   7
     62.46   8
     32.25   9
     31.50  10
     31.85  11
     33.31  12
     30.53  13
     57.33  14
     33.33  15
     28.73  16
     29.52  17
     29.29  18
     27.96  19
     52.76  20
     27.14  21
     28.22  22
     28.62  23
     27.65  24
     28.07  25
     54.83  26
     28.98  27
     29.11  28
     28.07  29
     28.06  30
     25.91  31
     48.02  32
     26.29  33
     27.05  34
     25.48  35
     25.01  36
     28.92  37
     52.59  38
     29.13  39
     29.00  40
     26.53  41
     26.28  42
     25.45  43
     47.87  44
     26.84  45
     26.26  46
     26.13  47
     25.22  48
     25.69  49
