   2275.60   1
     16.62   2
     10.07   3
      9.97   4
      9.96   5
      9.97   6
     31.64   7
      9.97   8
      9.97   9
     10.01  10
      9.97  11
      9.97  12
     29.31  13
      9.97  14
      9.97  15
      9.96  16
      9.96  17
      9.96  18
     29.18  19
      9.96  20
      9.96  21
      9.96  22
      9.97  23
      9.96  24
     28.96  25
      9.96  26
      9.96  27
      9.96  28
     13.49  29
      9.96  30
     29.19  31
      9.96  32
      9.95  33
     11.75  34
      9.97  35
      9.97  36
     29.79  37
      9.96  38
      9.97  39
     13.95  40
      9.95  41
      9.97  42
     29.07  43
      9.96  44
      9.97  45
     10.83  46
      9.98  47
      9.96  48
      0.00  49
