   2510.10   1
     41.43   2
     40.89   3
     38.94   4
     37.47   5
     36.34   6
     35.87   7
     63.16   8
     36.07   9
     34.51  10
     34.56  11
     34.96  12
     34.88  13
     63.92  14
     35.20  15
     34.84  16
     35.91  17
     34.63  18
     31.96  19
     57.45  20
     35.61  21
     34.12  22
     33.99  23
     33.84  24
     33.23  25
     60.61  26
     35.37  27
     34.17  28
     33.11  29
     33.89  30
     34.17  31
     63.86  32
     33.89  33
     33.68  34
     33.37  35
     33.54  36
     32.74  37
     67.83  38
     35.25  39
     34.88  40
     32.37  41
     33.54  42
     32.32  43
     58.14  44
     34.49  45
     33.95  46
     31.55  47
     31.86  48
     31.94  49
