   1811.36   1
     12.60   2
     23.77   3
     11.05   4
     10.46   5
     10.00   6
     33.66   7
     10.27   8
     10.00   9
      9.99  10
      9.99  11
     10.66  12
     29.47  13
     10.00  14
     10.00  15
     10.00  16
      9.98  17
     10.00  18
     28.70  19
     10.00  20
      9.98  21
     10.04  22
      9.99  23
     10.00  24
     29.13  25
     10.00  26
      9.99  27
     10.04  28
      9.99  29
     19.94  30
     29.60  31
      9.99  32
      9.99  33
      9.99  34
      9.98  35
      9.98  36
     28.60  37
     15.61  38
      9.99  39
     10.00  40
      9.98  41
     10.00  42
     28.43  43
      9.98  44
      9.99  45
      9.98  46
      9.99  47
      9.99  48
      0.00  49
