   1759.61   1
     61.45   2
     57.77   3
     54.14   4
     54.62   5
     53.96   6
     51.99   7
     80.54   8
     52.69   9
     54.26  10
     52.60  11
     50.64  12
     53.29  13
     81.79  14
     46.14  15
     49.81  16
     44.23  17
     49.35  18
     47.43  19
     69.76  20
     49.14  21
     47.27  22
     44.57  23
     44.67  24
     45.52  25
     74.32  26
     44.53  27
     43.60  28
     40.75  29
     40.57  30
     42.43  31
     62.92  32
     41.24  33
     42.21  34
     39.24  35
     39.91  36
     38.22  37
     64.63  38
     39.46  39
     39.38  40
     34.05  41
     34.32  42
     34.23  43
     51.25  44
     31.65  45
     31.59  46
     31.63  47
     32.61  48
     32.08  49
