   2055.88   1
     20.02   2
     11.23   3
     10.13   4
      9.99   5
      9.96   6
     33.13   7
      9.97   8
      9.97   9
      9.96  10
      9.97  11
      9.97  12
     28.82  13
      9.98  14
     10.01  15
      9.97  16
      9.97  17
      9.95  18
     31.41  19
      9.96  20
      9.97  21
      9.97  22
      9.97  23
      9.97  24
     30.79  25
      9.96  26
      9.96  27
      9.96  28
      9.96  29
      9.98  30
     29.96  31
      9.96  32
      9.96  33
      9.98  34
      9.96  35
      9.96  36
     28.67  37
      9.98  38
      9.95  39
      9.95  40
      9.97  41
      9.96  42
     29.13  43
      9.96  44
      9.96  45
      9.98  46
      9.96  47
      9.97  48
      0.00  49
