     43.98   1
     31.42   2
      0.65   3
      0.13   4
      0.11   5
      0.11   6
      0.13   7
      0.15   8
      0.09   9
      0.10  10
      0.11  11
      0.07  12
      0.15  13
      0.09  14
      0.21  15
      0.08  16
      0.14  17
      0.08  18
      0.09  19
      0.09  20
      0.11  21
      0.08  22
      0.11  23
      0.15  24
      0.13  25
      0.07  26
      0.10  27
      0.10  28
      0.09  29
      0.13  30
      0.07  31
      0.06  32
      0.16  33
      0.12  34
      0.20  35
      0.09  36
      0.08  37
      0.10  38
      0.10  39
      0.14  40
      0.14  41
      0.08  42
      0.10  43
      0.08  44
      0.17  45
      0.13  46
      0.10  47
      0.11  48
      0.11  49
