     16.63   1
     16.63   2
     13.42   3
     10.86   4
     12.74   5
     11.24   6
     40.74   7
     11.81   8
     13.80   9
     10.04  10
      9.95  11
     10.55  12
     32.09  13
     10.05  14
      9.99  15
      9.96  16
      9.96  17
      9.95  18
     28.94  19
      9.94  20
     11.95  21
      9.95  22
      9.95  23
      9.96  24
     29.69  25
      9.95  26
      9.95  27
     10.29  28
     10.00  29
      9.94  30
     28.64  31
      9.95  32
      9.95  33
     10.79  34
      9.95  35
      9.94  36
     29.00  37
      9.94  38
      9.99  39
      9.94  40
     11.27  41
     10.10  42
     29.37  43
      9.95  44
      9.94  45
     12.00  46
      9.95  47
      9.94  48
      9.94  49
