     62.92   1
     31.66   2
      1.03   3
      0.48   4
      0.42   5
      0.35   6
      0.43   7
      0.52   8
      0.14   9
      0.29  10
      0.19  11
      0.18  12
      0.47  13
      0.29  14
      0.53  15
      0.38  16
      0.48  17
      0.19  18
      0.41  19
      0.42  20
      2.12  21
      0.47  22
      0.44  23
      0.21  24
      0.19  25
      0.16  26
      0.16  27
      0.14  28
      0.15  29
      0.16  30
      0.11  31
      0.09  32
      0.22  33
      0.18  34
      0.32  35
      0.13  36
      0.12  37
      0.13  38
      0.13  39
      0.21  40
      0.18  41
      0.13  42
      0.13  43
      0.12  44
      0.21  45
      0.17  46
      0.14  47
      0.16  48
      0.15  49
