      0.01   1
      0.00   2
     29.56   3
     23.93   4
     26.28   5
     26.60   6
     28.98   7
     29.57   8
     24.26   9
     25.58  10
     26.11  11
     25.28  12
     24.50  13
     10.33  14
     23.48  15
     24.93  16
     22.68  17
     23.88  18
     23.67  19
     22.15  20
     23.24  21
     23.12  22
     23.98  23
     24.79  24
     23.60  25
     30.29  26
     23.68  27
     20.91  28
     22.64  29
     22.94  30
     16.41  31
     24.56  32
     20.67  33
     21.85  34
     24.80  35
     25.03  36
     23.75  37
     31.11  38
     21.86  39
     18.74  40
     24.49  41
     22.37  42
     20.67  43
     23.58  44
     23.27  45
     22.78  46
     22.37  47
     21.96  48
     22.02  49
