   2785.38   1
      7.06   2
      6.49   3
      5.40   4
      5.45   5
      5.37   6
     44.59   7
      5.43   8
      5.55   9
     13.97  10
     11.42  11
      5.59  12
     32.66  13
      8.30  14
     15.30  15
      5.53  16
      5.37  17
      5.54  18
     32.24  19
      5.72  20
      5.39  21
      6.39  22
     11.49  23
      5.43  24
     33.16  25
      7.30  26
      5.40  27
      6.43  28
      8.44  29
      5.53  30
     32.82  31
      5.42  32
      5.50  33
      5.67  34
      6.61  35
      6.55  36
     46.54  37
     16.97  38
     17.68  39
     20.12  40
      7.69  41
     10.93  42
     43.11  43
      6.69  44
      5.45  45
     10.29  46
      6.55  47
     11.74  48
      0.00  49
