    578.69   1
     34.50   2
     30.04   3
     30.02   4
     28.34   5
     27.32   6
     28.51   7
     49.30   8
     28.44   9
     27.97  10
     29.01  11
     24.48  12
     28.25  13
     49.47  14
     27.96  15
     26.40  16
     27.42  17
     27.41  18
     24.84  19
     43.32  20
     24.83  21
     23.88  22
     25.25  23
     24.65  24
     25.25  25
     44.83  26
     21.68  27
     23.15  28
     24.66  29
     25.31  30
     25.45  31
     49.97  32
     25.81  33
     26.47  34
     25.35  35
     25.54  36
     24.58  37
     51.43  38
     25.22  39
     24.04  40
     24.74  41
     24.47  42
     27.19  43
     41.83  44
     23.75  45
     23.40  46
     24.19  47
     24.26  48
     24.11  49
