     38.02   1
     35.03   2
     36.11   3
     32.64   4
     32.44   5
     32.86   6
     73.22   7
     32.94   8
     29.62   9
     32.40  10
     29.85  11
     30.53  12
     62.46  13
     27.73  14
     27.49  15
     27.72  16
     28.48  17
     27.15  18
     52.57  19
     26.23  20
     27.29  21
     25.77  22
     27.11  23
     26.77  24
     54.91  25
     24.91  26
     25.57  27
     24.69  28
     25.23  29
     25.12  30
     47.42  31
     25.67  32
     25.24  33
     24.49  34
     24.57  35
     24.44  36
     50.29  37
     25.27  38
     24.71  39
     24.92  40
     24.65  41
     25.25  42
     41.49  43
     24.37  44
     23.90  45
     24.80  46
     24.21  47
     24.65  48
     24.65  49
