   30.513561234375025                1
   29.204703154296887                2
   28.394604701171886                3
   31.370904931640627                4
   28.166192384765651                5
   25.229007042968711                6
   58.728394316406288                7
   26.311056046875009                8
   25.778174666015612                9
   23.312247574218734               10
   26.124821335937465               11
   25.188222421875000               12
   57.636266544921803               13
   24.434834455078136               14
   24.911528470703136               15
   23.034683662109380               16
   24.025524876953131               17
   23.975318009765623               18
   39.080083837890605               19
   25.483366623046880               20
   24.365007001953128               21
   24.976191482421868               22
   25.761223876953114               23
   23.201916185546899               24
   44.980290328125001               25
   25.369518046874983               26
   22.339596328124994               27
   23.675578361328132               28
   24.513729148437498               29
   24.431210908203127               30
   58.014162615234376               31
   22.742446267578121               32
   22.952012244140619               33
   23.942749574218734               34
   25.623021869140619               35
   25.353637050781252               36
   46.718133390624963               37
   24.809511794921875               38
   24.991159876953134               39
   21.350907837890627               40
   23.955979828125010               41
   23.926301279296844               42
   39.986083980468806               43
   24.138284037109379               44
   22.980154693359378               45
   23.652408935546880               46
   24.317304666015655               47
   24.887012292968755               48
