   1762.18   1
     40.95   2
     38.27   3
     34.07   4
     33.52   5
     33.39   6
     32.11   7
     72.05   8
     33.21   9
     32.11  10
     31.91  11
     31.60  12
     33.22  13
     67.34  14
     32.54  15
     32.23  16
     31.12  17
     31.87  18
     30.93  19
     58.76  20
     31.04  21
     30.15  22
     30.74  23
     30.36  24
     31.49  25
     53.04  26
     31.27  27
     32.68  28
     29.99  29
     30.58  30
     29.33  31
     62.85  32
     30.53  33
     29.28  34
     30.50  35
     29.65  36
     30.93  37
     56.65  38
     30.60  39
     29.15  40
     29.58  41
     30.08  42
     28.81  43
     43.20  44
     29.78  45
     28.62  46
     28.89  47
     29.98  48
     28.93  49
