      0.58   1
      0.15   2
      0.40   3
    446.39   4
      0.16   5
   1661.52   6
   1482.47   7
    767.66   8
   1365.74   9
    276.83  10
   1195.92  11
    828.56  12
   1594.14  13
   2000.39  14
   1525.52  15
   1551.22  16
   1606.99  17
   1110.48  18
   1302.01  19
   1534.03  20
   1559.16  21
   1414.45  22
   1423.97  23
   1447.44  24
   1490.13  25
   2051.52  26
   1430.99  27
   1416.65  28
   1299.47  29
   1454.36  30
   1520.68  31
   1423.07  32
   1407.96  33
   1467.53  34
   1572.82  35
   1416.65  36
   1586.72  37
   1952.66  38
   1317.69  39
   1448.89  40
   1365.59  41
   1369.73  42
   1487.97  43
   1710.29  44
   1289.23  45
   1485.68  46
   1449.90  47
   1204.32  48
   1554.01  49
