    210.08   1
     45.69   2
     43.11   3
     41.59   4
     37.41   5
     40.41   6
     34.07   7
     69.33   8
     31.92   9
     32.90  10
     33.15  11
     34.08  12
     33.67  13
     79.41  14
     36.74  15
     31.10  16
     26.80  17
     31.09  18
     32.06  19
     61.07  20
     32.24  21
     34.34  22
     27.89  23
     31.84  24
     31.03  25
     76.03  26
     28.48  27
     33.81  28
     29.21  29
     26.25  30
     28.49  31
     60.20  32
     30.87  33
     27.38  34
     27.12  35
     32.30  36
     32.17  37
     74.24  38
     35.17  39
     26.41  40
     28.76  41
     30.17  42
     31.88  43
     59.38  44
     27.60  45
     32.82  46
     33.42  47
     27.65  48
     29.85  49
