   2215.74   1
     17.26   2
     10.15   3
     10.13   4
      9.97   5
      9.96   6
     32.17   7
      9.97   8
      9.96   9
      9.96  10
      9.96  11
      9.97  12
     28.27  13
      9.96  14
      9.96  15
      9.98  16
      9.96  17
      9.96  18
     28.45  19
      9.98  20
     10.76  21
      9.96  22
      9.98  23
      9.97  24
     30.70  25
      9.94  26
      9.94  27
      9.95  28
      9.94  29
      9.93  30
     28.12  31
      9.98  32
      9.96  33
      9.96  34
      9.95  35
      9.95  36
     27.93  37
      9.95  38
      9.96  39
      9.95  40
      9.95  41
      9.95  42
     27.95  43
      9.96  44
      9.95  45
      9.96  46
      9.94  47
     10.41  48
      0.00  49
