    413.62   1
     34.11   2
     27.08   3
     28.70   4
     27.07   5
     27.27   6
     26.83   7
     60.71   8
     26.58   9
     25.12  10
     27.79  11
     24.37  12
     28.33  13
     55.90  14
     25.85  15
     25.29  16
     26.04  17
     26.19  18
     26.37  19
     44.65  20
     26.35  21
     25.66  22
     24.76  23
     25.68  24
     26.51  25
     53.91  26
     25.37  27
     25.24  28
     24.39  29
     24.92  30
     24.00  31
     43.12  32
     24.44  33
     24.35  34
     24.07  35
     23.71  36
     24.90  37
     44.49  38
     25.37  39
     24.15  40
     24.89  41
     23.95  42
     25.08  43
     42.37  44
     23.69  45
     25.02  46
     24.70  47
     24.36  48
     24.80  49
