     14.32   1
     14.32   2
     11.12   3
     10.24   4
     10.14   5
     10.39   6
     34.31   7
     10.33   8
     10.98   9
     12.40  10
     10.34  11
     10.40  12
     29.42  13
     11.27  14
     10.22  15
     10.58  16
     10.43  17
     10.51  18
     30.46  19
     11.32  20
     10.54  21
     10.99  22
     10.55  23
     10.09  24
     29.89  25
      9.97  26
      9.96  27
      9.96  28
      9.97  29
     10.55  30
     29.21  31
      9.96  32
      9.96  33
     11.45  34
      9.96  35
      9.96  36
     29.10  37
      9.96  38
      9.95  39
     11.08  40
      9.96  41
      9.96  42
     29.25  43
      9.96  44
      9.95  45
      9.97  46
     10.06  47
      9.96  48
      9.96  49
