   1364.68   1
     14.35   2
     10.05   3
      9.96   4
      9.97   5
      9.96   6
     47.08   7
      9.97   8
      9.97   9
      9.95  10
      9.95  11
      9.95  12
     38.79  13
     10.25  14
     10.08  15
      9.95  16
      9.95  17
      9.95  18
     28.61  19
      9.93  20
      9.94  21
      9.94  22
      9.94  23
      9.94  24
     28.40  25
      9.94  26
      9.95  27
      9.95  28
     10.10  29
      9.94  30
     28.55  31
      9.94  32
      9.94  33
      9.96  34
      9.95  35
      9.93  36
     28.49  37
      9.93  38
     10.08  39
      9.95  40
      9.95  41
     10.42  42
     28.53  43
      9.95  44
      9.94  45
     16.11  46
      9.95  47
      9.93  48
      0.00  49
