   2880.44   1
     25.17   2
     25.18   3
      9.50   4
     11.62   5
     22.11   6
     50.95   7
     30.46   8
     15.98   9
     15.44  10
     15.78  11
     24.47  12
     53.04  13
     24.82  14
     11.31  15
     13.01  16
     20.01  17
      5.90  18
     48.10  19
     10.48  20
      5.42  21
     13.02  22
     28.16  23
     12.71  24
     45.55  25
     16.93  26
     12.69  27
     16.06  28
     25.12  29
      6.25  30
     59.34  31
      9.06  32
      9.21  33
     21.75  34
      9.35  35
     22.14  36
     46.82  37
     23.00  38
     18.87  39
     14.12  40
     20.27  41
     24.44  42
     66.92  43
     26.35  44
     10.30  45
     29.26  46
     21.03  47
     11.98  48
      0.00  49
