   2671.99   1
     12.28   2
     10.02   3
      9.98   4
      9.98   5
      9.98   6
     36.21   7
      9.98   8
      9.99   9
      9.98  10
      9.97  11
      9.97  12
     28.02  13
      9.97  14
      9.97  15
      9.98  16
      9.97  17
      9.98  18
     27.94  19
      9.96  20
      9.98  21
      9.97  22
      9.98  23
      9.97  24
     28.15  25
      9.96  26
      9.97  27
      9.96  28
      9.98  29
      9.96  30
     28.15  31
     11.49  32
      9.96  33
      9.97  34
      9.96  35
     10.20  36
     28.59  37
      9.96  38
      9.96  39
     13.58  40
      9.96  41
      9.98  42
     28.16  43
      9.96  44
      9.99  45
      9.96  46
     10.24  47
     10.17  48
      0.00  49
