     40.91   1
     39.13   2
     36.04   3
     34.89   4
     34.80   5
     34.25   6
     77.67   7
     35.76   8
     34.14   9
     33.67  10
     33.72  11
     34.34  12
     72.41  13
     35.22  14
     34.49  15
     33.70  16
     33.16  17
     32.12  18
     56.05  19
     32.95  20
     32.33  21
     32.86  22
     32.96  23
     32.23  24
     56.88  25
     34.23  26
     33.64  27
     32.11  28
     32.55  29
     32.94  30
     59.81  31
     32.69  32
     32.28  33
     32.03  34
     32.16  35
     32.33  36
     60.75  37
     33.24  38
     32.37  39
     31.93  40
     31.95  41
     31.53  42
     51.97  43
     32.49  44
     31.78  45
     30.80  46
     31.98  47
     31.99  48
     31.99  49
