   1739.99   1
     49.82   2
     47.76   3
     47.75   4
     50.29   5
     49.11   6
     49.59   7
     67.24   8
     48.82   9
     46.23  10
     47.45  11
     46.30  12
     45.29  13
     61.23  14
     44.68  15
     45.68  16
     44.90  17
     46.61  18
     45.20  19
     55.29  20
     43.86  21
     42.64  22
     42.98  23
     43.40  24
     43.50  25
     56.94  26
     43.64  27
     43.74  28
     44.13  29
     43.68  30
     43.74  31
     54.06  32
     43.61  33
     43.83  34
     42.83  35
     41.93  36
     41.85  37
     53.27  38
     42.08  39
     41.93  40
     42.06  41
     43.09  42
     41.95  43
     50.88  44
     41.79  45
     42.26  46
     41.80  47
     41.81  48
     42.86  49
