     37.07   1
     34.36   2
     33.47   3
     29.75   4
     30.53   5
     27.94   6
     64.15   7
     28.05   8
     27.76   9
     26.56  10
     23.16  11
     26.65  12
     57.46  13
     28.44  14
     25.80  15
     25.98  16
     25.34  17
     25.03  18
     48.26  19
     25.91  20
     25.10  21
     24.42  22
     24.79  23
     24.52  24
     52.83  25
     24.37  26
     24.93  27
     23.85  28
     24.74  29
     23.98  30
     52.08  31
     23.67  32
     22.74  33
     24.81  34
     22.82  35
     22.07  36
     54.39  37
     22.72  38
     22.31  39
     21.62  40
     21.04  41
     22.47  42
     47.73  43
     21.23  44
     22.03  45
     22.35  46
     21.22  47
     22.18  48
     22.18  49
