   2796.36   1
     40.20   2
     36.15   3
     35.71   4
     33.76   5
     32.54   6
     32.23   7
     82.97   8
     29.77   9
     30.76  10
     27.61  11
     22.67  12
     27.97  13
     60.69  14
     32.06  15
     29.16  16
     29.40  17
     29.11  18
     25.16  19
     50.92  20
     30.46  21
     26.78  22
     26.26  23
     28.90  24
     29.12  25
     57.71  26
     26.54  27
     27.88  28
     25.36  29
     28.37  30
     26.86  31
     66.67  32
     25.30  33
     24.00  34
     25.10  35
     22.85  36
     22.06  37
     64.33  38
     24.39  39
     22.62  40
     22.27  41
     20.86  42
     22.71  43
     56.92  44
     22.14  45
     22.80  46
     24.38  47
     21.31  48
     22.22  49
