     43.19   1
     44.39   2
     41.73   3
     41.13   4
     40.61   5
     39.30   6
     76.16   7
     36.27   8
     38.16   9
     38.56  10
     36.76  11
     36.71  12
     84.19  13
     38.55  14
     34.83  15
     34.13  16
     34.79  17
     35.73  18
     68.56  19
     36.76  20
     36.34  21
     32.40  22
     36.96  23
     36.18  24
     79.41  25
     34.88  26
     35.36  27
     32.19  28
     32.99  29
     31.81  30
     65.81  31
     34.08  32
     33.94  33
     33.58  34
     35.15  35
     34.95  36
     74.37  37
     35.17  38
     32.65  39
     34.19  40
     33.86  41
     34.52  42
     63.31  43
     30.48  44
     31.81  45
     33.00  46
     28.87  47
     29.67  48
     29.67  49
