   3373.68   1
     36.01   2
     11.82   3
     15.64   4
     23.07   5
     10.19   6
     50.57   7
     22.69   8
     21.40   9
     13.42  10
     10.23  11
     13.87  12
     54.04  13
     23.00  14
      5.58  15
     24.78  16
     25.17  17
     25.85  18
     48.96  19
     30.01  20
     12.18  21
      5.51  22
     23.07  23
     24.26  24
     55.11  25
     23.49  26
     23.12  27
     10.81  28
     22.59  29
     25.82  30
     53.01  31
     24.03  32
     23.42  33
     23.01  34
     21.18  35
     14.63  36
     47.71  37
     19.12  38
     17.67  39
     20.14  40
     12.46  41
      9.57  42
     47.67  43
      6.54  44
     22.84  45
     23.27  46
     22.20  47
     18.38  48
      0.00  49
