    681.75   1
     34.73   2
     19.28   3
     12.10   4
     10.77   5
     10.05   6
     35.37   7
     10.07   8
      9.96   9
      9.95  10
      9.96  11
      9.93  12
     28.68  13
      9.94  14
      9.93  15
      9.94  16
      9.94  17
      9.94  18
     28.72  19
      9.95  20
      9.95  21
      9.94  22
      9.95  23
      9.94  24
     30.96  25
      9.94  26
      9.94  27
      9.95  28
      9.94  29
      9.95  30
     28.58  31
      9.94  32
      9.94  33
      9.94  34
      9.94  35
      9.95  36
     28.57  37
      9.95  38
      9.93  39
      9.94  40
      9.94  41
      9.94  42
     29.19  43
      9.95  44
      9.93  45
      9.93  46
      9.94  47
      9.94  48
      0.00  49
