      0.19   1
      0.47   2
      0.45   3
      0.55   4
      0.57   5
      0.51   6
      0.38   7
      0.51   8
      0.67   9
      0.37  10
      0.29  11
      0.40  12
      0.37  13
      0.50  14
      0.49  15
      0.49  16
      0.39  17
      0.41  18
      0.45  19
      0.33  20
      0.44  21
      0.42  22
      0.45  23
      0.36  24
      0.54  25
      0.51  26
      0.48  27
      0.41  28
      0.38  29
      0.44  30
      0.48  31
      0.52  32
      0.52  33
      0.47  34
      0.47  35
      0.46  36
      0.50  37
      0.37  38
      0.44  39
      0.34  40
      0.45  41
      0.46  42
      0.64  43
      0.57  44
      0.41  45
      0.49  46
      0.51  47
      0.41  48
      0.51  49
