     24.00   1
     24.00   2
     11.57   3
     11.70   4
     14.03   5
     16.04   6
     47.49   7
     19.60   8
     14.67   9
     21.27  10
     19.03  11
     16.24  12
     36.09  13
     13.23  14
     10.29  15
      7.52  16
     12.34  17
      7.74  18
     41.50  19
     10.92  20
      6.80  21
      7.95  22
     11.62  23
     12.84  24
     39.40  25
     12.57  26
     10.48  27
     14.80  28
      9.15  29
     11.54  30
     42.04  31
     12.82  32
     11.17  33
     13.26  34
     10.40  35
     14.33  36
     41.73  37
      9.32  38
     11.54  39
     17.25  40
     12.08  41
      9.22  42
     39.74  43
      9.63  44
     10.31  45
     10.90  46
     10.75  47
     12.72  48
     12.72  49
