   1311.05   1
     35.76   2
     30.68   3
     31.90   4
     27.81   5
     26.76   6
     22.79   7
     49.63   8
     23.92   9
     25.98  10
     24.68  11
     23.28  12
     23.41  13
     53.74  14
     22.79  15
     21.07  16
     22.22  17
     22.76  18
     24.66  19
     45.45  20
     23.41  21
     22.55  22
     21.22  23
     23.07  24
     22.66  25
     49.05  26
     21.25  27
     20.51  28
     23.67  29
     22.01  30
     22.48  31
     48.18  32
     22.26  33
     21.79  34
     21.42  35
     23.33  36
     22.07  37
     48.69  38
     20.78  39
     22.62  40
     22.20  41
     21.34  42
     23.40  43
     41.64  44
     22.69  45
     20.97  46
     19.68  47
     20.23  48
     21.67  49
