     37.83   1
     34.49   2
     33.97   3
     34.55   4
     31.72   5
     30.84   6
     56.83   7
     29.00   8
     28.42   9
     28.06  10
     27.97  11
     27.99  12
     54.81  13
     28.57  14
     26.68  15
     26.66  16
     26.91  17
     25.59  18
     45.05  19
     25.82  20
     25.49  21
     26.28  22
     26.02  23
     25.51  24
     48.21  25
     25.34  26
     24.87  27
     25.47  28
     25.96  29
     25.27  30
     52.00  31
     24.95  32
     25.49  33
     24.92  34
     25.39  35
     26.28  36
     50.24  37
     26.39  38
     26.01  39
     24.21  40
     24.90  41
     25.52  42
     43.23  43
     24.91  44
     24.21  45
     24.66  46
     24.60  47
     24.90  48
     24.90  49
