    283.42   1
     19.48   2
      7.01   3
     20.28   4
     15.96   5
      8.92   6
     54.29   7
      6.03   8
     10.15   9
      5.51  10
      8.21  11
      5.88  12
     35.01  13
     10.79  14
      6.52  15
      8.94  16
     20.52  17
      7.03  18
     43.93  19
     10.73  20
      5.35  21
     14.74  22
      5.48  23
     11.23  24
     35.87  25
      6.92  26
      6.20  27
      5.34  28
      5.25  29
      5.18  30
     33.66  31
      5.27  32
     15.42  33
      5.44  34
      5.30  35
      5.31  36
     33.85  37
      5.37  38
      9.38  39
      5.39  40
      5.69  41
      9.81  42
     43.80  43
      5.44  44
     14.57  45
      5.43  46
     10.18  47
      5.62  48
      0.00  49
