   2088.31   1
     31.54   2
     33.44   3
     32.56   4
     26.95   5
     30.34   6
     26.09   7
     54.55   8
     25.38   9
     25.77  10
     26.82  11
     23.74  12
     27.06  13
     58.86  14
     27.48  15
     24.19  16
     24.79  17
     25.29  18
     24.04  19
     47.17  20
     24.51  21
     25.73  22
     23.64  23
     22.18  24
     23.19  25
     51.23  26
     23.38  27
     23.65  28
     24.43  29
     22.91  30
     22.80  31
     45.83  32
     24.14  33
     23.83  34
     24.63  35
     22.58  36
     22.28  37
     51.82  38
     23.24  39
     22.47  40
     20.97  41
     22.04  42
     22.60  43
     44.32  44
     21.42  45
     22.33  46
     21.73  47
     22.55  48
     22.22  49
