     27.02   1
     27.02   2
     22.22   3
     17.49   4
     14.03   5
     10.79   6
     45.13   7
     17.37   8
     11.55   9
     10.90  10
      9.02  11
      8.39  12
     52.01  13
     18.33  14
      6.54  15
     17.75  16
     12.44  17
     12.75  18
     48.28  19
     17.09  20
     12.11  21
      9.11  22
     16.56  23
     16.47  24
     46.96  25
     14.27  26
     17.20  27
      7.98  28
     19.85  29
     13.60  30
     43.78  31
     16.69  32
     12.58  33
     16.51  34
     10.91  35
      9.68  36
     43.87  37
     16.59  38
     12.83  39
     11.31  40
      9.81  41
     12.05  42
     42.01  43
     10.95  44
     13.37  45
     13.58  46
     13.16  47
     14.63  48
     14.63  49
