    533.22   1
     40.46   2
     35.53   3
     28.59   4
     30.06   5
     28.09   6
     25.46   7
     49.10   8
     24.74   9
     26.80  10
     29.63  11
     24.39  12
     25.63  13
     54.76  14
     26.25  15
     25.64  16
     23.84  17
     24.62  18
     24.47  19
     47.05  20
     23.36  21
     23.43  22
     23.25  23
     22.85  24
     24.06  25
     51.41  26
     22.76  27
     24.93  28
     24.68  29
     22.60  30
     24.40  31
     46.78  32
     22.14  33
     22.79  34
     22.69  35
     20.66  36
     23.70  37
     47.51  38
     22.59  39
     23.83  40
     22.76  41
     21.63  42
     22.85  43
     42.90  44
     23.01  45
     22.42  46
     22.22  47
     22.30  48
     22.56  49
