   2284.05   1
     32.04   2
     14.82   3
     22.69   4
     25.39   5
     24.32   6
     43.79   7
     24.88   8
     26.81   9
     18.75  10
     23.11  11
     19.61  12
     39.52  13
      6.10  14
      5.77  15
      7.16  16
      7.07  17
      5.27  18
     33.05  19
      5.46  20
      7.64  21
      5.28  22
      7.53  23
      8.94  24
     35.06  25
      5.35  26
      5.21  27
     14.32  28
      7.32  29
      5.42  30
     34.70  31
      5.52  32
      5.43  33
      8.37  34
     13.48  35
     11.45  36
     32.55  37
      5.58  38
      5.41  39
      6.70  40
      5.62  41
      5.28  42
     32.82  43
      5.31  44
      5.29  45
      5.34  46
      5.33  47
      8.65  48
      0.00  49
