     50.46   1
     48.37   2
     49.11   3
     48.51   4
     47.82   5
     47.30   6
     62.83   7
     46.85   8
     45.97   9
     46.30  10
     45.92  11
     45.35  12
     62.39  13
     45.30  14
     46.07  15
     44.89  16
     45.09  17
     44.68  18
     59.14  19
     44.28  20
     43.99  21
     44.00  22
     44.18  23
     44.63  24
     60.41  25
     44.27  26
     44.43  27
     44.58  28
     44.44  29
     44.38  30
     57.83  31
     44.19  32
     44.19  33
     43.97  34
     43.56  35
     43.63  36
     59.56  37
     44.17  38
     43.36  39
     43.80  40
     43.91  41
     43.60  42
     56.07  43
     43.37  44
     43.78  45
     43.40  46
     43.37  47
     43.91  48
     43.91  49
