   2724.58   1
     49.15   2
     46.93   3
     50.59   4
     48.99   5
     43.46   6
     44.11   7
     68.03   8
     42.94   9
     41.26  10
     43.43  11
     38.28  12
     36.12  13
     58.64  14
     36.69  15
     33.38  16
     35.42  17
     34.40  18
     34.42  19
     54.93  20
     34.47  21
     34.20  22
     34.33  23
     34.03  24
     33.49  25
     57.13  26
     33.26  27
     33.55  28
     33.68  29
     32.60  30
     33.03  31
     51.28  32
     33.26  33
     31.95  34
     32.43  35
     32.05  36
     32.12  37
     52.67  38
     30.17  39
     31.35  40
     32.18  41
     31.72  42
     31.05  43
     51.07  44
     32.32  45
     32.08  46
     31.10  47
     29.98  48
     29.91  49
