    710.12   1
     40.35   2
     38.24   3
     35.13   4
     33.66   5
     34.68   6
     34.77   7
     97.81   8
     37.99   9
     35.81  10
     34.53  11
     34.60  12
     34.93  13
     85.97  14
     37.91  15
     36.39  16
     34.07  17
     32.98  18
     33.48  19
     51.96  20
     32.19  21
     32.71  22
     33.85  23
     34.67  24
     31.97  25
     56.99  26
     36.06  27
     34.09  28
     33.24  29
     33.19  30
     35.32  31
     52.72  32
     33.64  33
     33.87  34
     32.23  35
     33.28  36
     33.31  37
     57.77  38
     33.87  39
     33.07  40
     33.83  41
     32.23  42
     33.48  43
     54.56  44
     33.19  45
     32.78  46
     31.97  47
     34.09  48
     35.11  49
