     38.72   1
     32.25   2
     29.87   3
     29.90   4
     27.08   5
     24.24   6
     48.84   7
     25.06   8
     26.11   9
     25.81  10
     23.37  11
     24.42  12
     52.94  13
     23.67  14
     23.18  15
     22.78  16
     23.42  17
     23.88  18
     44.44  19
     23.17  20
     22.69  21
     21.96  22
     22.15  23
     22.50  24
     48.92  25
     21.96  26
     22.66  27
     23.33  28
     22.23  29
     23.51  30
     45.91  31
     21.71  32
     22.41  33
     21.72  34
     21.62  35
     23.04  36
     48.48  37
     21.23  38
     22.71  39
     22.15  40
     21.92  41
     23.14  42
     42.54  43
     22.91  44
     21.94  45
     21.09  46
     21.25  47
     22.24  48
     22.24  49
