    464.69   1
     39.47   2
     33.50   3
     32.14   4
     28.54   5
     28.70   6
     25.50   7
     54.92   8
     29.02   9
     26.74  10
     25.25  11
     23.07  12
     24.92  13
     52.84  14
     25.78  15
     24.05  16
     23.77  17
     21.61  18
     25.89  19
     46.68  20
     22.77  21
     22.79  22
     23.37  23
     23.28  24
     21.25  25
     49.55  26
     23.19  27
     23.27  28
     21.75  29
     22.94  30
     22.28  31
     43.72  32
     21.56  33
     20.40  34
     24.70  35
     23.02  36
     21.86  37
     47.01  38
     20.52  39
     21.82  40
     21.63  41
     20.21  42
     22.09  43
     41.96  44
     20.12  45
     20.97  46
     20.93  47
     19.80  48
     22.11  49
