   2291.82   1
     21.10   2
      5.38   3
      5.84   4
      5.44   5
      6.11   6
     38.99   7
     24.18   8
     22.74   9
      5.66  10
     21.91  11
      6.24  12
     53.84  13
      5.32  14
     10.65  15
      5.44  16
      5.65  17
     10.33  18
     36.50  19
     10.60  20
      5.26  21
      5.48  22
      5.21  23
      6.28  24
     33.97  25
     14.63  26
      7.86  27
      5.19  28
      5.33  29
      5.46  30
     35.36  31
      5.96  32
      5.71  33
      5.40  34
      8.56  35
      5.26  36
     34.10  37
      5.40  38
      5.51  39
      5.26  40
      6.60  41
      5.38  42
     34.82  43
      5.41  44
      5.25  45
      5.33  46
      5.18  47
      5.19  48
      0.00  49
