     48.83   1
     47.02   2
     46.46   3
     46.52   4
     43.96   5
     42.88   6
     67.50   7
     43.45   8
     42.93   9
     43.24  10
     41.89  11
     40.90  12
     65.82  13
     38.77  14
     38.89  15
     38.04  16
     39.14  17
     38.61  18
     58.50  19
     38.85  20
     38.58  21
     37.48  22
     36.98  23
     36.70  24
     61.69  25
     36.75  26
     36.27  27
     35.52  28
     35.61  29
     36.03  30
     54.84  31
     36.08  32
     35.06  33
     34.13  34
     34.51  35
     33.92  36
     55.93  37
     33.52  38
     33.77  39
     32.32  40
     32.47  41
     32.42  42
     50.75  43
     32.12  44
     31.41  45
     31.13  46
     30.92  47
     30.88  48
     30.88  49
