     15.44   1
     15.44   2
     11.65   3
     10.80   4
     10.38   5
     10.30   6
     39.16   7
     10.20   8
     10.86   9
     12.62  10
     15.01  11
     10.35  12
     29.15  13
     10.29  14
     11.01  15
     10.18  16
      9.97  17
     10.19  18
     28.75  19
      9.97  20
      9.97  21
      9.97  22
     10.25  23
      9.97  24
     28.89  25
      9.97  26
      9.96  27
      9.97  28
     10.82  29
      9.97  30
     28.44  31
     14.47  32
     10.02  33
      9.97  34
      9.96  35
      9.96  36
     28.61  37
      9.98  38
      9.97  39
      9.98  40
      9.97  41
     10.25  42
     28.46  43
      9.97  44
      9.96  45
      9.97  46
      9.97  47
      9.97  48
      9.97  49
