   2861.37   1
     25.28   2
      6.83   3
      5.58   4
      5.61   5
      5.44   6
     40.69   7
      5.31   8
      9.50   9
      5.58  10
     12.46  11
      5.34  12
     34.72  13
     19.73  14
      5.36  15
      5.39  16
      9.54  17
      5.40  18
     32.88  19
      6.87  20
      5.63  21
      5.30  22
      5.36  23
      5.44  24
     34.32  25
     10.12  26
      7.04  27
      5.29  28
      9.71  29
      5.63  30
     35.92  31
      5.53  32
      5.58  33
      5.57  34
      5.42  35
      5.44  36
     33.85  37
      5.38  38
      7.27  39
      5.57  40
      5.35  41
      8.45  42
     33.55  43
      5.46  44
      5.49  45
      5.37  46
      9.98  47
      5.31  48
      0.00  49
