   3671.73   1
     36.66   2
     34.15   3
     32.95   4
     31.60   5
     29.14   6
     27.65   7
     62.74   8
     29.64   9
     25.83  10
     25.09  11
     27.63  12
     25.08  13
     63.81  14
     22.02  15
     27.59  16
     22.41  17
     25.62  18
     23.35  19
     56.96  20
     27.98  21
     27.96  22
     26.75  23
     27.66  24
     23.90  25
     62.92  26
     24.52  27
     22.86  28
     22.10  29
     21.67  30
     20.62  31
     46.69  32
     21.56  33
     21.73  34
     20.75  35
     21.92  36
     20.66  37
     53.06  38
     19.94  39
     18.03  40
     19.31  41
     21.42  42
     22.71  43
     45.00  44
     19.84  45
     20.17  46
     22.10  47
     22.20  48
     20.42  49
