      0.01   1
      0.70   2
     49.09   3
     40.25   4
     42.36   5
     42.33   6
     43.39   7
     44.68   8
     37.61   9
     41.27  10
     39.89  11
     38.48  12
     37.36  13
     29.47  14
     36.85  15
     36.83  16
     35.01  17
     33.50  18
     36.44  19
     33.14  20
     23.24  21
     34.78  22
     35.84  23
     35.51  24
     35.08  25
     46.63  26
     36.42  27
     31.85  28
     24.42  29
     34.98  30
     28.18  31
     37.02  32
     33.10  33
     33.97  34
     37.12  35
     34.97  36
     35.69  37
     47.50  38
     35.01  39
     32.00  40
     37.45  41
     33.49  42
     31.60  43
     36.16  44
     27.19  45
     33.40  46
     32.42  47
     34.49  48
     33.53  49
