      7.50   1
     27.27   2
      1.07   3
      0.44   4
      0.51   5
      0.26   6
      0.56   7
      0.54   8
      0.29   9
      0.55  10
      0.42  11
      0.37  12
      0.25  13
      0.41  14
      0.35  15
      0.31  16
      0.41  17
      0.28  18
      0.32  19
      0.46  20
      0.29  21
      0.64  22
      0.29  23
      0.30  24
      0.36  25
      0.55  26
      0.38  27
      0.40  28
      0.30  29
      0.29  30
      0.63  31
      0.84  32
      0.26  33
      0.37  34
      0.40  35
      0.36  36
      0.51  37
      0.29  38
      0.70  39
      0.39  40
      0.36  41
      0.48  42
      0.27  43
      1.01  44
      0.28  45
      0.32  46
      0.68  47
      0.63  48
      0.29  49
