     23.41   1
     23.41   2
     16.82   3
     13.47   4
      8.64   5
     12.78   6
     48.42   7
     21.58   8
     13.23   9
     20.16  10
     16.31  11
     14.79  12
     43.62  13
     17.24  14
      9.08  15
     13.35  16
     12.89  17
      7.34  18
     40.98  19
      6.96  20
      7.25  21
     10.46  22
     20.27  23
      7.97  24
     39.64  25
     10.23  26
      9.92  27
     11.54  28
     12.78  29
      8.91  30
     42.92  31
      8.73  32
     10.30  33
     12.84  34
      8.53  35
     13.14  36
     40.34  37
     11.46  38
     14.20  39
     10.63  40
     10.34  41
     12.83  42
     48.12  43
     18.20  44
     10.20  45
     17.52  46
     10.46  47
      7.47  48
      7.47  49
