     40.37   1
     38.42   2
     35.13   3
     35.34   4
     34.43   5
     30.64   6
     69.48   7
     33.03   8
     33.79   9
     30.30  10
     33.61  11
     31.45  12
     68.36  13
     27.83  14
     29.88  15
     27.53  16
     27.46  17
     26.91  18
     59.95  19
     28.99  20
     28.17  21
     27.14  22
     28.25  23
     27.20  24
     63.38  25
     27.09  26
     25.72  27
     24.57  28
     23.41  29
     24.53  30
     55.16  31
     25.03  32
     25.16  33
     23.19  34
     24.26  35
     24.05  36
     57.55  37
     22.98  38
     22.45  39
     23.35  40
     22.27  41
     22.34  42
     47.25  43
     22.72  44
     21.76  45
     23.12  46
     22.19  47
     21.88  48
     21.88  49
