   1993.13   1
     40.76   2
     37.64   3
     37.23   4
     33.21   5
     32.53   6
     28.90   7
     69.02   8
     36.89   9
     39.98  10
     31.14  11
     40.01  12
     30.48  13
     62.75  14
     28.38  15
     29.78  16
     29.50  17
     29.61  18
     30.60  19
     57.32  20
     29.41  21
     27.06  22
     28.66  23
     29.92  24
     29.39  25
     62.95  26
     29.08  27
     28.45  28
     26.14  29
     25.86  30
     29.20  31
     59.40  32
     27.77  33
     29.01  34
     26.77  35
     26.47  36
     29.15  37
     60.25  38
     26.06  39
     26.88  40
     25.96  41
     23.79  42
     24.16  43
     49.89  44
     27.98  45
     25.44  46
     25.43  47
     23.63  48
     23.98  49
