   1050.49   1
     10.08   2
      9.97   3
      9.97   4
      9.95   5
      9.96   6
     30.10   7
      9.96   8
     12.13   9
      9.95  10
      9.95  11
      9.94  12
     29.22  13
      9.95  14
      9.96  15
      9.95  16
      9.95  17
      9.96  18
     28.91  19
      9.96  20
      9.96  21
      9.96  22
      9.95  23
      9.96  24
     28.96  25
      9.95  26
      9.95  27
      9.94  28
      9.99  29
     11.69  30
     28.96  31
      9.95  32
      9.96  33
     14.40  34
      9.95  35
      9.95  36
     29.64  37
      9.95  38
      9.94  39
     13.31  40
      9.96  41
      9.96  42
     29.25  43
      9.95  44
      9.95  45
      9.95  46
     10.25  47
      9.95  48
      0.00  49
