   1196.40   1
     11.92   2
     11.44   3
     11.55   4
     10.88   5
      9.96   6
     29.48   7
      9.98   8
      9.97   9
      9.96  10
      9.96  11
      9.96  12
     28.71  13
      9.96  14
      9.96  15
      9.94  16
      9.95  17
      9.96  18
     28.79  19
      9.95  20
      9.95  21
      9.94  22
      9.96  23
      9.94  24
     28.57  25
      9.96  26
      9.93  27
      9.96  28
      9.97  29
      9.95  30
     28.45  31
      9.95  32
      9.95  33
      9.94  34
     11.64  35
      9.95  36
     30.00  37
      9.95  38
      9.96  39
      9.95  40
      9.94  41
      9.95  42
     29.23  43
      9.96  44
      9.95  45
      9.95  46
      9.96  47
      9.95  48
      0.00  49
