     22.87   1
     22.87   2
     13.17   3
     10.73   4
     10.23   5
      9.99   6
     33.06   7
     10.00   8
      9.96   9
      9.98  10
      9.96  11
      9.95  12
     28.75  13
      9.96  14
      9.95  15
      9.96  16
      9.95  17
      9.95  18
     28.78  19
      9.96  20
     10.22  21
      9.95  22
      9.96  23
      9.96  24
     30.21  25
      9.95  26
      9.95  27
      9.95  28
     11.12  29
      9.95  30
     28.63  31
      9.96  32
      9.95  33
     10.55  34
      9.95  35
      9.96  36
     28.76  37
      9.95  38
      9.95  39
     11.28  40
      9.95  41
      9.95  42
     28.74  43
      9.96  44
      9.95  45
     10.24  46
      9.95  47
     10.10  48
     10.10  49
