   2673.98   1
     24.05   2
     15.13   3
     10.54   4
     11.10   5
     11.46   6
     41.34   7
     15.51   8
     10.31   9
     10.19  10
      9.94  11
     11.75  12
     28.39  13
      9.95  14
      9.95  15
      9.96  16
      9.96  17
      9.95  18
     28.54  19
      9.94  20
      9.94  21
      9.94  22
      9.94  23
      9.96  24
     31.29  25
      9.94  26
      9.94  27
      9.95  28
      9.95  29
      9.95  30
     28.49  31
      9.94  32
      9.95  33
      9.94  34
      9.95  35
      9.95  36
     29.53  37
      9.94  38
      9.95  39
      9.94  40
      9.95  41
      9.95  42
     28.95  43
      9.95  44
      9.94  45
      9.94  46
      9.94  47
      9.96  48
      0.00  49
