   2204.04   1
     35.88   2
     36.35   3
     34.67   4
     35.96   5
     34.45   6
     32.53   7
     53.93   8
     34.73   9
     33.26  10
     33.69  11
     36.75  12
     33.31  13
     57.02  14
     33.49  15
     33.48  16
     34.47  17
     33.67  18
     33.96  19
     50.82  20
     32.93  21
     34.29  22
     33.56  23
     32.23  24
     31.09  25
     53.62  26
     32.45  27
     31.68  28
     32.13  29
     33.66  30
     32.62  31
     50.34  32
     33.74  33
     31.04  34
     30.71  35
     31.57  36
     31.43  37
     50.48  38
     30.92  39
     30.59  40
     30.74  41
     31.36  42
     32.00  43
     49.93  44
     32.38  45
     30.56  46
     30.64  47
     30.18  48
     30.64  49
