   2792.22   1
     45.83   2
     52.17   3
     47.91   4
     48.55   5
     42.65   6
     46.83   7
     85.00   8
     41.11   9
     44.67  10
     45.82  11
     43.53  12
     46.62  13
     93.58  14
     45.00  15
     44.02  16
     42.34  17
     41.81  18
     43.93  19
     81.37  20
     46.67  21
     42.97  22
     37.92  23
     44.58  24
     47.95  25
     88.53  26
     45.85  27
     40.34  28
     38.02  29
     44.86  30
     39.12  31
     75.41  32
     42.30  33
     41.80  34
     42.40  35
     43.11  36
     42.40  37
     84.60  38
     39.30  39
     41.07  40
     44.17  41
     43.80  42
     45.11  43
     71.75  44
     33.30  45
     37.36  46
     37.86  47
     35.38  48
     35.54  49
