   1001.96   1
     43.69   2
     43.48   3
     35.21   4
     41.20   5
     41.62   6
     35.37   7
     76.67   8
     32.54   9
     35.55  10
     34.66  11
     33.18  12
     38.79  13
     78.52  14
     33.10  15
     32.27  16
     30.67  17
     27.14  18
     26.79  19
     65.56  20
     29.59  21
     29.48  22
     26.00  23
     27.17  24
     28.31  25
     64.25  26
     27.68  27
     25.87  28
     25.47  29
     22.70  30
     23.77  31
     59.39  32
     25.77  33
     24.75  34
     22.06  35
     24.38  36
     22.33  37
     59.33  38
     22.93  39
     22.42  40
     24.78  41
     21.59  42
     20.17  43
     46.86  44
     20.34  45
     19.68  46
     21.83  47
     20.73  48
     21.24  49
