   2615.89   1
     39.94   2
     30.54   3
     29.12   4
     31.83   5
     26.39   6
     24.46   7
     47.80   8
     26.52   9
     25.56  10
     23.12  11
     22.45  12
     24.22  13
     50.32  14
     21.97  15
     22.83  16
     22.27  17
     22.86  18
     22.51  19
     40.82  20
     22.74  21
     22.09  22
     21.42  23
     20.54  24
     20.78  25
     46.31  26
     21.88  27
     22.52  28
     21.62  29
     22.07  30
     23.66  31
     42.77  32
     20.73  33
     22.63  34
     21.07  35
     20.89  36
     23.34  37
     49.24  38
     20.32  39
     21.67  40
     21.50  41
     22.78  42
     23.17  43
     43.08  44
     23.03  45
     22.43  46
     21.37  47
     21.23  48
     22.50  49
