     12.27   1
     12.27   2
     15.08   3
     10.86   4
     10.44   5
      9.98   6
     33.12   7
     10.08   8
      9.98   9
      9.98  10
      9.97  11
     10.20  12
     28.73  13
      9.97  14
      9.98  15
      9.97  16
      9.97  17
      9.98  18
     28.48  19
      9.97  20
      9.97  21
      9.98  22
      9.98  23
      9.97  24
     28.62  25
      9.97  26
      9.96  27
      9.99  28
      9.98  29
     13.28  30
     28.73  31
     10.48  32
      9.97  33
      9.97  34
     10.53  35
     10.05  36
     29.06  37
     11.84  38
      9.97  39
     11.18  40
      9.96  41
      9.97  42
     28.61  43
      9.97  44
      9.98  45
      9.96  46
     10.06  47
     10.04  48
     10.04  49
