   2150.91   1
     26.48   2
      7.30   3
      8.27   4
      6.58   5
      5.19   6
     36.15   7
     22.77   8
     17.74   9
     21.88  10
      9.01  11
     13.70  12
     35.69  13
     10.44  14
     10.23  15
     20.02  16
     13.24  17
      8.79  18
     40.09  19
      5.18  20
     11.21  21
     13.13  22
     15.64  23
      5.14  24
     38.87  25
      8.29  26
     11.66  27
      5.46  28
      6.66  29
     15.09  30
     33.17  31
      8.22  32
     14.29  33
     11.49  34
     10.83  35
     12.10  36
     34.54  37
      6.01  38
     18.11  39
      5.05  40
      5.42  41
      5.31  42
     34.96  43
      5.38  44
     10.50  45
     14.35  46
      5.02  47
      5.13  48
      0.00  49
