   3722.43   1
     12.84   2
     12.15   3
     10.61   4
     10.49   5
     11.26   6
     39.70   7
     11.07   8
     10.84   9
     17.28  10
     11.08  11
     11.29  12
     30.21  13
     13.87  14
     10.68  15
     11.81  16
     11.37  17
     11.61  18
     31.07  19
     14.04  20
     11.69  21
     13.04  22
     11.73  23
     10.34  24
     29.91  25
      9.99  26
      9.96  27
      9.98  28
      9.96  29
      9.98  30
     28.71  31
      9.96  32
      9.96  33
      9.98  34
      9.96  35
      9.96  36
     28.99  37
      9.97  38
      9.96  39
      9.96  40
      9.95  41
      9.96  42
     29.38  43
      9.97  44
      9.96  45
      9.98  46
      9.96  47
      9.97  48
      0.00  49
