  19445.73   1
  14857.76   2
   5663.83   3
     37.49   4
   1158.30   5
     34.21   6
    264.81   7
     22.82   8
     63.98   9
    218.11  10
    258.83  11
     31.51  12
     89.25  13
     37.38  14
     31.19  15
     35.99  16
     40.92  17
     61.35  18
     35.80  19
     38.97  20
     51.98  21
     29.43  22
     46.16  23
     48.28  24
     30.29  25
     25.82  26
     44.11  27
     32.72  28
     51.30  29
     50.69  30
     28.29  31
     34.60  32
     64.34  33
     35.75  34
     60.31  35
     45.05  36
     25.33  37
     56.82  38
     32.38  39
     60.94  40
     41.75  41
     36.59  42
     45.71  43
     37.87  44
     51.98  45
     49.11  46
     36.38  47
     30.06  48
     34.43  49
