     21.95   1
     21.95   2
      6.41   3
     10.57   4
      9.00   5
      6.83   6
     44.66   7
     11.84   8
     14.13   9
      5.58  10
     14.19  11
      5.82  12
     41.19  13
     11.95  14
      7.51  15
      6.59  16
     11.90  17
      7.59  18
     37.77  19
      9.40  20
      5.42  21
      8.51  22
      5.35  23
      7.65  24
     34.72  25
     10.56  26
      7.03  27
      5.27  28
      6.77  29
      5.42  30
     34.98  31
      5.58  32
      8.90  33
      5.47  34
      6.43  35
      5.34  36
     33.93  37
      5.39  38
      7.39  39
      5.41  40
      5.88  41
      7.88  42
     37.39  43
      5.44  44
      8.44  45
      5.38  46
      8.45  47
      5.38  48
      5.38  49
