   2615.95   1
     57.34   2
     53.18   3
     55.96   4
     51.99   5
     50.44   6
     49.27   7
     64.70   8
     47.71   9
     47.94  10
     47.12  11
     47.55  12
     47.51  13
     65.86  14
     47.65  15
     47.08  16
     45.90  17
     45.36  18
     45.69  19
     63.05  20
     45.54  21
     45.76  22
     45.59  23
     45.43  24
     45.33  25
     62.20  26
     45.86  27
     46.11  28
     45.52  29
     45.86  30
     46.03  31
     60.77  32
     45.58  33
     45.30  34
     45.83  35
     45.55  36
     45.39  37
     64.49  38
     46.53  39
     45.17  40
     46.16  41
     45.60  42
     45.82  43
     60.19  44
     45.76  45
     46.16  46
     45.69  47
     45.56  48
     45.10  49
