    754.11   1
     11.37   2
     10.41   3
     10.43   4
     10.57   5
     10.33   6
     52.61   7
      9.98   8
      9.98   9
      9.96  10
     23.76  11
      9.96  12
     28.87  13
      9.97  14
      9.97  15
      9.96  16
      9.97  17
      9.96  18
     28.51  19
      9.99  20
      9.97  21
      9.96  22
      9.97  23
      9.98  24
     29.51  25
      9.97  26
      9.96  27
      9.98  28
     12.53  29
      9.98  30
     28.33  31
      9.96  32
      9.98  33
      9.97  34
      9.97  35
      9.97  36
     28.37  37
      9.97  38
      9.97  39
      9.96  40
      9.99  41
      9.97  42
     28.63  43
      9.98  44
      9.97  45
      9.97  46
      9.96  47
      9.98  48
      0.00  49
