    748.39   1
     30.98   2
     27.25   3
     16.68   4
     12.17   5
      9.47   6
     40.78   7
     23.98   8
      7.46   9
     13.95  10
      7.43  11
      6.04  12
     67.76  13
     23.79  14
      7.32  15
     16.28  16
      6.40  17
      7.11  18
     58.71  19
     11.57  20
     18.93  21
     16.51  22
     21.26  23
     19.64  24
     49.40  25
     13.78  26
     22.83  27
      7.87  28
     19.21  29
      6.91  30
     44.59  31
     20.54  32
      8.96  33
     21.16  34
      6.11  35
      9.04  36
     49.27  37
     24.91  38
     15.37  39
      5.34  40
     11.44  41
     21.30  42
     45.65  43
     20.58  44
     11.80  45
     12.10  46
     11.82  47
     20.21  48
      0.00  49
