   1145.57   1
     44.21   2
     44.18   3
     43.61   4
     43.26   5
     43.89   6
     43.04   7
     56.54   8
     44.03   9
     43.74  10
     44.33  11
     43.92  12
     43.25  13
     60.09  14
     43.57  15
     45.45  16
     43.86  17
     43.30  18
     43.15  19
     59.07  20
     43.44  21
     43.57  22
     43.42  23
     43.70  24
     45.05  25
     62.07  26
     43.32  27
     43.45  28
     44.10  29
     43.76  30
     43.37  31
     58.66  32
     43.38  33
     43.44  34
     43.26  35
     43.21  36
     43.66  37
     60.91  38
     43.90  39
     42.98  40
     43.17  41
     43.04  42
     43.04  43
     57.13  44
     42.56  45
     42.93  46
     42.71  47
     42.75  48
     43.78  49
