   3282.54   1
     39.82   2
     40.96   3
     41.81   4
     36.27   5
     38.07   6
     42.23   7
     64.73   8
     39.14   9
     33.58  10
     36.18  11
     32.14  12
     33.88  13
     64.94  14
     27.25  15
     27.99  16
     26.78  17
     30.17  18
     26.68  19
     46.43  20
     25.27  21
     25.43  22
     24.38  23
     24.32  24
     25.40  25
     47.61  26
     24.44  27
     23.07  28
     24.44  29
     23.64  30
     24.00  31
     39.78  32
     23.84  33
     24.29  34
     24.08  35
     23.95  36
     23.99  37
     44.96  38
     24.73  39
     24.19  40
     23.80  41
     24.45  42
     25.78  43
     39.77  44
     24.93  45
     23.64  46
     24.37  47
     23.76  48
     23.61  49
