   2216.43   1
     38.05   2
     37.89   3
     35.69   4
     37.42   5
     38.78   6
     36.99   7
     74.15   8
     35.79   9
     36.91  10
     36.71  11
     32.67  12
     29.83  13
     79.60  14
     33.93  15
     29.36  16
     33.26  17
     31.48  18
     31.20  19
     63.25  20
     31.36  21
     31.72  22
     31.39  23
     34.46  24
     29.57  25
     73.68  26
     30.30  27
     31.92  28
     29.34  29
     27.86  30
     27.84  31
     61.82  32
     29.07  33
     32.65  34
     31.21  35
     30.04  36
     30.27  37
     64.27  38
     31.03  39
     30.47  40
     29.64  41
     27.61  42
     26.56  43
     58.78  44
     30.53  45
     25.26  46
     27.71  47
     23.59  48
     23.61  49
