   1814.57   1
     18.14   2
     11.08   3
     11.53   4
     10.62   5
     10.60   6
     34.67   7
     10.62   8
     12.62   9
     17.94  10
     11.30  11
     11.10  12
     30.08  13
     10.91  14
     13.08  15
     10.61  16
      9.95  17
     10.62  18
     29.12  19
      9.95  20
      9.96  21
      9.97  22
     10.79  23
      9.96  24
     28.64  25
      9.97  26
      9.95  27
      9.95  28
      9.95  29
      9.95  30
     28.45  31
     11.50  32
      9.95  33
      9.97  34
      9.94  35
      9.94  36
     28.55  37
      9.96  38
      9.94  39
      9.99  40
      9.95  41
      9.95  42
     28.22  43
      9.95  44
      9.94  45
      9.96  46
      9.96  47
      9.96  48
      0.00  49
