   1865.39   1
     32.90   2
     13.39   3
      7.00   4
     11.25   5
     18.41   6
     54.07   7
     28.49   8
     11.64   9
     31.08  10
     22.57  11
     23.53  12
     36.10  13
     25.29  14
      9.79  15
      9.88  16
     24.57  17
     12.41  18
     59.20  19
     21.57  20
      7.35  21
     12.17  22
     15.84  23
     24.16  24
     49.97  25
     25.07  26
     20.82  27
     23.65  28
     11.69  29
     23.67  30
     58.60  31
     27.51  32
     22.59  33
     25.74  34
     11.13  35
     24.99  36
     46.08  37
      5.41  38
     11.53  39
     24.93  40
     22.93  41
     11.44  42
     43.31  43
     16.89  44
     20.19  45
     17.07  46
     20.36  47
     17.77  48
      0.00  49
