    664.48   1
     40.13   2
     37.06   3
     37.82   4
     34.58   5
     31.98   6
     29.51   7
     94.22   8
     33.11   9
     30.14  10
     33.23  11
     33.04  12
     29.39  13
     66.53  14
     30.08  15
     29.20  16
     30.33  17
     29.07  18
     28.39  19
     66.62  20
     27.08  21
     30.78  22
     28.17  23
     31.34  24
     28.39  25
     63.22  26
     24.91  27
     28.41  28
     25.25  29
     27.13  30
     27.37  31
     59.36  32
     28.73  33
     27.08  34
     25.32  35
     26.06  36
     24.44  37
     61.41  38
     25.72  39
     25.78  40
     26.08  41
     25.55  42
     24.88  43
     42.34  44
     24.50  45
     23.06  46
     25.34  47
     24.52  48
     25.55  49
