    515.93   1
     14.06   2
     27.59   3
     20.15   4
      6.84   5
     12.69   6
     44.03   7
      5.45   8
      5.78   9
      5.34  10
      9.39  11
      5.26  12
     34.24  13
      8.20  14
      6.72  15
     12.20  16
      5.74  17
      5.29  18
     37.18  19
      9.69  20
      5.23  21
      5.30  22
      5.36  23
      5.50  24
     36.37  25
      5.56  26
      5.66  27
      5.25  28
     17.74  29
      8.07  30
     33.75  31
      5.49  32
      5.36  33
      5.35  34
      5.45  35
      5.36  36
     34.64  37
      5.73  38
      5.44  39
      8.45  40
      5.52  41
      5.28  42
     32.72  43
      5.72  44
      5.45  45
      5.36  46
      5.47  47
      5.32  48
      0.00  49
