    580.74   1
     11.49   2
     15.10   3
     12.09   4
     17.15   5
     12.30   6
     33.81   7
      9.96   8
     21.11   9
      9.97  10
      9.96  11
      9.95  12
     29.09  13
      9.95  14
      9.95  15
      9.96  16
      9.96  17
      9.94  18
     29.67  19
      9.95  20
     15.96  21
      9.96  22
      9.98  23
      9.98  24
     29.38  25
      9.96  26
      9.95  27
     10.97  28
      9.96  29
      9.95  30
     28.88  31
      9.96  32
      9.95  33
     12.46  34
      9.95  35
      9.96  36
     28.97  37
      9.95  38
      9.94  39
      9.95  40
     13.91  41
      9.94  42
     30.61  43
      9.95  44
      9.94  45
      9.95  46
      9.95  47
      9.95  48
      0.00  49
