    535.03   1
     18.57   2
     17.97   3
     22.64   4
      7.72   5
     11.04   6
     58.17   7
     11.50   8
      5.98   9
     23.14  10
     24.14  11
      6.20  12
     42.11  13
     16.45  14
      5.70  15
      7.02  16
      5.43  17
      7.34  18
     34.74  19
      5.22  20
      5.12  21
      5.22  22
     17.02  23
      6.07  24
     34.51  25
      5.46  26
      5.42  27
     13.11  28
      6.57  29
      5.39  30
     36.26  31
      8.91  32
      7.39  33
      5.28  34
      5.42  35
      5.18  36
     39.67  37
      5.38  38
      5.62  39
     12.74  40
      5.34  41
      8.74  42
     42.48  43
     22.87  44
      9.81  45
      8.94  46
      5.32  47
      5.31  48
      0.00  49
