   2555.14   1
     16.81   2
     13.46   3
     10.43   4
      9.95   5
      9.96   6
     30.20   7
     10.00   8
      9.99   9
      9.97  10
      9.98  11
      9.98  12
     28.50  13
      9.97  14
      9.98  15
      9.99  16
      9.98  17
      9.98  18
     28.64  19
      9.98  20
     10.00  21
      9.98  22
      9.98  23
      9.98  24
     28.53  25
      9.97  26
      9.98  27
      9.99  28
      9.98  29
      9.99  30
     28.55  31
     21.95  32
     10.12  33
      9.98  34
      9.98  35
      9.98  36
     28.90  37
      9.99  38
     10.00  39
      9.98  40
      9.98  41
     10.83  42
     28.53  43
      9.98  44
      9.98  45
      9.99  46
      9.98  47
      9.98  48
      0.00  49
