depoiscpl_atm 
0.0 74.65
98.53 127.20
142.09 168.50
168.92 195.35
195.46 220.45
220.55 243.70
243.81 268.98
269.04 292.13
292.24 315.38
315.49 338.75
338.83 359.44
359.55 381.65
381.73 406.45
406.60 434.95
435.04 456.47
456.55 481.06
481.19 505.13
505.22 528.23
528.32 549.29
549.47 573.19
573.26 594.27
594.39 616.57
616.73 638.79
638.92 660.93
660.99 684.42
684.50 712.23
712.34 735.41
735.51 758.14
758.22 780.47
780.54 803.44
803.53 826.37
826.44 849.67
849.75 872.18
872.56 894.16
894.26 915.77
915.87 937.12
937.23 960.16
960.22 985.90
985.98 1007.62
1007.75 1029.09
1029.22 1051.23
1051.41 1073.78
1073.86 1095.29
1095.37 1117.96
1118.04 1139.85
1139.92 1161.24
1161.28 1182.67
1183.05 1204.61
1204.71 1226.43
1226.51 1272.59
